#FIG 3.2
Landscape
Center
Inches
Letter  
100.00
Single
-2
1200 2
6 5025 48600 13500 51375
6 6000 49050 10540 49500
2 2 0 1 0 7 50 0 -1 0.000 0 0 -1 0 0 5
	 6906 49050 7806 49050 7806 49500 6906 49500 6906 49050
2 2 0 1 0 7 50 0 -1 0.000 0 0 -1 0 0 5
	 8706 49050 9606 49050 9606 49500 8706 49500 8706 49050
2 2 0 1 0 7 50 0 -1 0.000 0 0 -1 0 0 5
	 7806 49050 8706 49050 8706 49500 7806 49500 7806 49050
2 2 0 1 0 7 50 0 -1 0.000 0 0 -1 0 0 5
	 9606 49050 10506 49050 10506 49500 9606 49500 9606 49050
2 2 0 1 0 7 50 0 -1 0.000 0 0 -1 0 0 5
	 6000 49050 6900 49050 6900 49500 6000 49500 6000 49050
4 0 0 50 0 0 14 0.0000 4 195 915 7831 49350 Segment 3\001
4 0 0 50 0 0 14 0.0000 4 195 915 8725 49350 Segment 4\001
4 0 0 50 0 0 14 0.0000 4 195 915 9625 49350 Segment 5\001
4 0 0 50 0 0 14 0.0000 4 195 915 6033 49358 Segment 1\001
4 0 0 50 0 0 14 0.0000 4 195 915 6925 49357 Segment 2\001
-6
6 6900 49500 11440 49950
2 2 0 1 0 7 50 0 -1 0.000 0 0 -1 0 0 5
	 7806 49500 8706 49500 8706 49950 7806 49950 7806 49500
2 2 0 1 0 7 50 0 -1 0.000 0 0 -1 0 0 5
	 9606 49500 10506 49500 10506 49950 9606 49950 9606 49500
2 2 0 1 0 7 50 0 -1 0.000 0 0 -1 0 0 5
	 8706 49500 9606 49500 9606 49950 8706 49950 8706 49500
2 2 0 1 0 7 50 0 -1 0.000 0 0 -1 0 0 5
	 10506 49500 11406 49500 11406 49950 10506 49950 10506 49500
2 2 0 1 0 7 50 0 -1 0.000 0 0 -1 0 0 5
	 6900 49500 7800 49500 7800 49950 6900 49950 6900 49500
4 0 0 50 0 0 14 0.0000 4 195 915 8731 49800 Segment 3\001
4 0 0 50 0 0 14 0.0000 4 195 915 9625 49800 Segment 4\001
4 0 0 50 0 0 14 0.0000 4 195 915 10525 49800 Segment 5\001
4 0 0 50 0 0 14 0.0000 4 195 915 6933 49808 Segment 1\001
4 0 0 50 0 0 14 0.0000 4 195 915 7825 49807 Segment 2\001
-6
6 7800 49950 12340 50400
2 2 0 1 0 7 50 0 -1 0.000 0 0 -1 0 0 5
	 8706 49950 9606 49950 9606 50400 8706 50400 8706 49950
2 2 0 1 0 7 50 0 -1 0.000 0 0 -1 0 0 5
	 10506 49950 11406 49950 11406 50400 10506 50400 10506 49950
2 2 0 1 0 7 50 0 -1 0.000 0 0 -1 0 0 5
	 9606 49950 10506 49950 10506 50400 9606 50400 9606 49950
2 2 0 1 0 7 50 0 -1 0.000 0 0 -1 0 0 5
	 11406 49950 12306 49950 12306 50400 11406 50400 11406 49950
2 2 0 1 0 7 50 0 -1 0.000 0 0 -1 0 0 5
	 7800 49950 8700 49950 8700 50400 7800 50400 7800 49950
4 0 0 50 0 0 14 0.0000 4 195 915 9631 50250 Segment 3\001
4 0 0 50 0 0 14 0.0000 4 195 915 10525 50250 Segment 4\001
4 0 0 50 0 0 14 0.0000 4 195 915 11425 50250 Segment 5\001
4 0 0 50 0 0 14 0.0000 4 195 915 7833 50258 Segment 1\001
4 0 0 50 0 0 14 0.0000 4 195 915 8725 50257 Segment 2\001
-6
6 8700 50400 13240 50850
2 2 0 1 0 7 50 0 -1 0.000 0 0 -1 0 0 5
	 9606 50400 10506 50400 10506 50850 9606 50850 9606 50400
2 2 0 1 0 7 50 0 -1 0.000 0 0 -1 0 0 5
	 11406 50400 12306 50400 12306 50850 11406 50850 11406 50400
2 2 0 1 0 7 50 0 -1 0.000 0 0 -1 0 0 5
	 10506 50400 11406 50400 11406 50850 10506 50850 10506 50400
2 2 0 1 0 7 50 0 -1 0.000 0 0 -1 0 0 5
	 12306 50400 13206 50400 13206 50850 12306 50850 12306 50400
2 2 0 1 0 7 50 0 -1 0.000 0 0 -1 0 0 5
	 8700 50400 9600 50400 9600 50850 8700 50850 8700 50400
4 0 0 50 0 0 14 0.0000 4 195 915 10531 50700 Segment 3\001
4 0 0 50 0 0 14 0.0000 4 195 915 11425 50700 Segment 4\001
4 0 0 50 0 0 14 0.0000 4 195 915 12325 50700 Segment 5\001
4 0 0 50 0 0 14 0.0000 4 195 915 8733 50708 Segment 1\001
4 0 0 50 0 0 14 0.0000 4 195 915 9625 50707 Segment 2\001
-6
6 5100 48600 9640 49050
2 2 0 1 0 7 50 0 -1 0.000 0 0 -1 0 0 5
	 6006 48600 6906 48600 6906 49050 6006 49050 6006 48600
2 2 0 1 0 7 50 0 -1 0.000 0 0 -1 0 0 5
	 7806 48600 8706 48600 8706 49050 7806 49050 7806 48600
2 2 0 1 0 7 50 0 -1 0.000 0 0 -1 0 0 5
	 6906 48600 7806 48600 7806 49050 6906 49050 6906 48600
2 2 0 1 0 7 50 0 -1 0.000 0 0 -1 0 0 5
	 8706 48600 9606 48600 9606 49050 8706 49050 8706 48600
2 2 0 1 0 7 50 0 -1 0.000 0 0 -1 0 0 5
	 5100 48600 6000 48600 6000 49050 5100 49050 5100 48600
4 0 0 50 0 0 14 0.0000 4 195 915 6931 48900 Segment 3\001
4 0 0 50 0 0 14 0.0000 4 195 915 7825 48900 Segment 4\001
4 0 0 50 0 0 14 0.0000 4 195 915 8725 48900 Segment 5\001
4 0 0 50 0 0 14 0.0000 4 195 915 5133 48908 Segment 1\001
4 0 0 50 0 0 14 0.0000 4 195 915 6025 48907 Segment 2\001
-6
2 1 0 2 0 7 50 0 -1 0.000 0 0 7 1 0 2
	1 1 2.00 120.00 240.00
	 5100 51300 13425 51300
-6
6 3525 48600 4875 50775
4 0 0 50 0 0 18 0.0000 4 255 1335 3532 48854 Operation 1\001
4 0 0 50 0 0 18 0.0000 4 255 1335 3532 49309 Operation 2\001
4 0 0 50 0 0 18 0.0000 4 255 1335 3532 49764 Operation 3\001
4 0 0 50 0 0 18 0.0000 4 255 1335 3532 50219 Operation 4\001
4 0 0 50 0 0 18 0.0000 4 255 1335 3532 50674 Operation 5\001
-6
6 5100 46575 14100 47475
2 2 0 1 0 7 50 0 -1 0.000 0 0 7 0 0 5
	 5100 47025 9600 47025 9600 47475 5100 47475 5100 47025
2 2 0 1 0 7 50 0 -1 0.000 0 0 7 0 0 5
	 9600 47025 14100 47025 14100 47475 9600 47475 9600 47025
4 0 0 50 0 0 18 0.0000 4 255 1335 9900 46800 Operation 2\001
4 0 0 50 0 0 18 0.0000 4 255 1335 5325 46800 Operation 1\001
-6
6 4425 46050 6900 48375
4 0 0 50 0 0 20 0.0000 4 255 2460 4432 46252 Sequential execution:\001
4 0 0 50 0 0 20 0.0000 4 255 2160 4582 48277 Pipeline execution:\001
-6
4 0 0 50 0 0 18 0.0000 4 195 600 12600 51675 Time\001
